Constituent	f_2025	V0u_2025_deg	NOAA_Amplitude_ft	NOAA_Phase_deg	Speed_deg_per_hr
J1	1.1641	290.38	0.141	188.7	15.585444
K1	1.1117	11.98	2.736	156.5	15.041069
K2	1.3122	204.1	0.259	157	30.082138
L2	1.0006	41.02	0.161	182.5	29.528479
M1	1.8472	96.2	0.079	188.2	14.496694
M2	0.9636	324.9	3.487	138.9	28.984104
M3	0.9459	127.35	0.013	190.2	43.47616
M4	0.9286	289.8	0.069	97	57.96821
M6	0.8948	254.7	0.03	337.2	86.95232
M8	0.8622	219.6	0.003	356.9	115.93642
N2	0.9636	46.93	0.702	113.6	28.43973
2N2	0.9636	128.96	0.075	89.9	27.895355
O1	1.1814	312.49	1.506	143.1	13.943035
OO1	1.7759	252.33	0.102	201.1	16.139101
P1	1	349.1	0.843	156.5	14.958931
Q1	1.1814	34.52	0.239	141.7	13.398661
2Q1	1.1814	116.55	0.033	162.7	12.854286
R2	1	177.53	0.01	130.8	30.041067
S1	1	180	0.069	285	15
S2	1	0	0.879	156.8	30
S4	1	0	0.007	134.3	60
S6	1	0	0	0	90
T2	1	2.47	0.052	158.4	29.958933
LAM2	0.9636	262.33	0.066	174.3	29.455626
MU2	0.9636	289.5	0.112	15.1	27.968208
NU2	0.9636	207.47	0.144	127.4	28.512583
RHO	1.1814	195.06	0.049	137.2	13.471515
MK3	1.0713	336.88	0.118	87.1	44.025173
2MK3	1.0323	277.82	0.115	65.1	42.92714
MN4	0.9286	11.83	0.03	73.3	57.423832
MS4	0.9636	324.9	0.039	117.4	58.984104
2SM2	0.9636	35.1	0.026	36.3	31.015896
MF	1.4485	239.92	0.049	148.2	1.0980331
MSF	0.9636	35.1	0	0	1.0158958
MM	0.8728	277.97	0	0	0.5443747
SA	1	280.9	0.23	282.9	0.0410686
SSA	1	201.8	0.079	216.3	0.0821373
